...18-

111, Kreyssig. 1111111111-18111 2111111111. 11111.111111111111.111.111111111111ι.
dati ab Car. Frid. Sig. Alschefski, Vol 1. flerol.1831; 21) 811111 1111’ 333333133 111
111111111111111111111181111111111118411 22)811111111111111)1111111.,8111111118411
33) 33333333 11111 ’1 3111111111111111 111111111111111111111111111,81111. 1841.

1)3111 111811111111111811111111111)Ρ111111111111111111111 germ TomVI3
1111111111. 1111111(1111111111111ῗ811111111111118111111,111118, 11,11111.11 3) 1111111111
,11161Ὀέ1111ῇὲ111111113111 4111111ιὲ1111 υ81111ῗὶ1, egiaetigulfflzmeg 11111 ι111111115311111ξὲῃῦἔ ,
111 11 11111 1811111 111111 11111 11111) 1),.1)111111.1)1111 17881 333333. 333333’ 3 3333333.
11181111111111111.1111111111118111111111111.11111111.)1.Ίό4 4.

c) 111111111111. 8111111111111111111,11)111111118

d) 11111811111111111191111)1311111111111111111111118111111122)11111111111111
11111, 111111 1841188111111111111118111111111,111111111111811111111111111111111111
11111. 111111, 111111 1111111111, 1111. 1, 28111111 111 111. 1111111111.

ω t 1)11111111111111111111111111 (1111111111 11111181111111111111111.1111111111
111111,

1)1111111111111.111111111111)11111111111111111111111 111111111111111111111.
8m2110s1833123 1)(1111111111111111111.1111111111,018111111111111
1111111Η111,1111111111Η. Μ.Μ1111111,Β111111. 1811481111.

1111111 1111111111111 81111111. Bib'lia 1111111111. edit. Belgicam Ev. vm
11111111111111111111740.1111111.)

)11111111111111111111811111111111111111111111111.(.111111)

3111 8111111111 111111 8111111111111111111111 11111111811111111111111111111111
1.)8111 11118111111111 1111,111811111111111,111111111111 1)1111111111111111111111111111
11111111 1111ῷ.,1111111 114, 7181111111 1)1111111113111111111118111111 111 11111. 18111111,

.,1 11181 4)8111111111111111,11111 11111111 1) 811111111181118111111, 11111111. 1111
111111111111811111111118111)1111111 8111111 11111111 111 1111111111.

333 111 8111111111811111111111 1111111 1111 111111111111111111118111111111 1111
333 811111 111111111ῐί111 11111111.- 11111111111 11111111 11111111 11111111111111111111 1111111. 81111.
, 8111111111111111811111111111111111111111118111111111 111111111111) 1)1111811
” 1111111811111111111111111111112)1111111811111111111 1111 1111111 811111 1111111111 1111 .

111 11111111111111111111,11 111118111111111111111111 11111111 4) 1111111 -1111 1111111111 ,111111111111
1) 1111111 11111111 333 11111111 1111 8111111111 111 8111111. .

-..υ --α--η *ω’-*’..

-IV 1111111111 111 1111111111 111111 8111111111 111 111 1111111111 31333'3
- 1111111111111111111. “ ·

ἡ ᾗ Α. 211 8111111111111111111111111111

'immo-&1333 8111111111181111111.) '

a. 1111111111 8111111111 8111111111, 111111. 1111 1111111111111111111111111111 11111
Ῑωηωὶξι111111τ1511ῗ11181111121δ1ῖῴΤη11ῐ1ΐ1111111611) liffeim 111-41111 11111111 11111111 111111
111.111,11111118111111111 281 11111111111111118111111111111111111111,111111,11
1111,111114811ἰ1111111111, 8111111111111111111111111111111111111111111111811

Ι1111111 1111 11111 11111 1111111111 1111111111. 11111111 1111111111 111 333333 3333.

 

